0 0.952381 89375
1 1.290323 87125
2 1.095890 86989
3 1.066667 115700
4 0.898876 176444
5 1.111111 88152
6 1.159420 88489
7 1.052632 88625
8 1.081081 176978
9 1.126761 87200
10 1.176471 85814
11 1.066667 85876
12 1.052632 89021
13 1.176471 88950
14 1.025641 88725
15 1.159420 88618
16 0.888889 177292
17 1.066667 89000
18 1.052632 88650
19 0.909091 177428
20 1.194030 89175
21 1.012658 83425
22 1.212121 83125
23 1.126761 63975
24 1.159420 83350
25 1.176471 83050
26 1.126761 82650
27 1.111111 88950
28 1.159420 85550
29 1.066667 87000
30 0.879121 173860
31 0.792079 173174
32 1.066667 87017
33 0.784314 174066
34 0.792079 170862
35 0.842105 171250
36 0.987654 133175
37 0.761905 172128
38 1.111111 88200
39 1.081081 88200
40 0.714286 176804
41 0.808081 177200
42 1.111111 36150
43 1.159420 86900
44 1.081081 88475
45 0.842105 177600
46 1.194030 88850
47 1.095890 88100
48 1.052632 88450
49 1.052632 88625
50 1.250000 88871
51 1.212121 87071
52 1.126761 88575
53 1.159420 88114
54 0.747664 168118
55 0.842105 175738
56 1.038961 86924
57 0.824742 177136
58 1.176471 135000
59 1.111111 88625
60 1.095890 42125
61 1.176471 42425
62 1.142857 42425
63 1.066667 42375
64 1.025641 42146
65 1.142857 43200
66 1.142857 41675
67 1.212121 42225
68 1.066667 88625
69 1.142857 89100
70 0.851064 177002
71 1.025641 78200
72 1.025641 85800
73 1.038961 88600
74 0.919540 170742
75 1.194030 88625
76 1.176471 88625
77 1.142857 88700
78 1.194030 88551
79 1.194030 87050
80 1.095890 87125
81 0.800000 86678
82 0.869565 87378
83 1.000000 43425
84 1.126761 43625
85 1.142857 43575
86 1.290323 43540
87 1.269841 43614
88 0.754717 42915
89 1.142857 43676
90 1.194030 43893
91 1.000000 43650
92 1.012658 43575
93 0.792079 85378
94 1.600000 43675
95 1.212121 86825
96 1.142857 43700
97 0.761905 43458
98 1.176471 43326
99 1.159420 43850
100 0.963855 87925
101 0.747664 43615
102 0.963855 43743
103 1.194030 42926
104 1.481481 43675
105 1.269841 43875
106 1.052632 43350
107 1.176471 43626
108 0.776699 87850
109 1.194030 43651
110 1.176471 43001
111 1.025641 43700
112 1.038961 41913
113 0.792079 83952
114 0.824742 89190
115 1.142857 88850
116 1.081081 88325
117 1.038961 88625
118 1.066667 88600
119 1.355932 88490
120 1.111111 88275
121 1.111111 88625
122 1.012658 88624
123 1.176471 88600
124 1.142857 37917
125 1.126761 89926
126 1.142857 88240
127 1.052632 89600
128 1.176471 89325
129 1.290323 46978
130 1.176471 89600
131 1.159420 89450
132 1.159420 89675
133 1.403509 89426
134 1.066667 11144
135 0.898876 177328
136 0.888889 67269
137 1.194030 82350
138 1.081081 84950
139 1.095890 88625
140 1.000000 89050
141 1.012658 85500
142 1.194030 88600
143 1.15942 88975
144 0.816327 55600
145 1.081081 88435
146 0.720721 176778
147 1.081081 87275
148 1.081081 76124
149 0.952381 173872
150 0.808081 171150
151 1.159420 86350
152 1.000000 86400
153 1.111111 18193
154 1.159420 85625
155 1.012658 88350
156 1.212121 88350
157 1.159420 38625
158 1.126761 85650
159 1.095890 85625
160 1.025641 40982
161 1.111111 87275
162 1.081081 87075
163 1.142857 43876
164 0.860215 43390
165 0.792079 43493
166 1.142857 43601
167 1.176471 43876
168 1.095890 43625
169 1.269841 43626
170 1.194030 43226
171 1.333333 45776
172 1.250000 88751
173 1.403509 88626
